FCCT - FOR LOW STACKING FAULT ENERGY F.C.C. METALS                      
1.0 0.0 0.0
0.0 1.0 0.0
0.0 0.0 1.0
12 12 0.0                                                               
 1  1  1  0  1 -1                                                       
 1  1  1 -1  0  1                                                       
 1  1  1  1 -1  0                                                       
-1  1  1  0  1 -1                                                       
-1  1  1  1  0  1                                                       
-1  1  1  1  1  0                                                       
 1 -1  1  0  1  1                                                       
 1 -1  1 -1  0  1                                                       
 1 -1  1  1  1  0                                                       
 1  1 -1  0  1  1                                                       
 1  1 -1  1  0  1                                                       
 1  1 -1  1 -1  0                                                       
 1  1  1 -2  1  1                                                       
 1  1  1  1 -2  1                                                       
 1  1  1  1  1 -2                                                       
-1  1  1  2  1  1                                                       
-1  1  1 -1 -2  1                                                       
-1  1  1 -1  1 -2                                                       
 1 -1  1 -2 -1  1                                                       
 1 -1  1  1  2  1                                                       
 1 -1  1  1 -1 -2                                                       
 1  1 -1 -2  1 -1                                                       
 1  1 -1  1 -2 -1                                                       
 1  1 -1  1  1  2                                                       
0.707                                                                   
0.707                                                                   
0.707                                                                   
0.707                                                                   
0.707                                                                   
0.707                                                                   
0.707                                                                   
0.707                                                                   
0.707                                                                   
0.707                                                                   
0.707                                                                   
0.707                                                                   
