0.000000E+00    0.298790E+09    0.298790E+09
0.100000E-01    0.314431E+09    0.313244E+09
0.200000E-01    0.328327E+09    0.326890E+09
0.300000E-01    0.340882E+09    0.339730E+09
0.400000E-01    0.352371E+09    0.351762E+09
0.500000E-01    0.362987E+09    0.362987E+09
0.600000E-01    0.372875E+09    0.373405E+09
0.700000E-01    0.382143E+09    0.383016E+09
0.800000E-01    0.390878E+09    0.391820E+09
0.900000E-01    0.399148E+09    0.399817E+09
0.100000E+00    0.407007E+09    0.407007E+09
0.110000E+00    0.414502E+09    0.413390E+09
0.120000E+00    0.421670E+09    0.418965E+09
0.130000E+00    0.428545E+09    0.423734E+09
0.140000E+00    0.435152E+09    0.427695E+09
0.150000E+00    0.441516E+09    0.430849E+09
0.160000E+00    0.447657E+09    0.433196E+09
0.170000E+00    0.453593E+09    0.434736E+09
0.180000E+00    0.459340E+09    0.435469E+09
0.190000E+00    0.464912E+09    0.435395E+09
