BCC - SLIP ON {110}, {112} AND {123} PLANES IN <111> DIRECTIONS.               
1.0                 0.0                 0.0
0.0                 1.0                 0.0
0.0                 0.0                 1.0
 48  0
  0  1 -1  1  1  1
 -1  0  1  1  1  1
  1 -1  0  1  1  1
  0 -1 -1 -1 -1  1
  1  0  1 -1 -1  1
 -1  1  0 -1 -1  1
  0  1 -1 -1  1  1
  1  0  1 -1  1  1
 -1 -1  0 -1  1  1
  0 -1 -1  1 -1  1
 -1  0  1  1 -1  1
  1  1  0  1 -1  1
  2 -1 -1  1  1  1
 -1  2 -1  1  1  1
 -1 -1  2  1  1  1
 -2  1 -1 -1 -1  1
  1 -2 -1 -1 -1  1
  1  1  2 -1 -1  1
 -2 -1 -1 -1  1  1
  1  2 -1 -1  1  1
  1 -1  2 -1  1  1
  2  1 -1  1 -1  1
 -1 -2 -1  1 -1  1
 -1  1  2  1 -1  1
  1  2 -3  1  1  1
  2  1 -3  1  1  1
  1 -3  2  1  1  1
  2 -3  1  1  1  1
 -3  1  2  1  1  1
 -3  2  1  1  1  1
  1  2  3  1  1 -1
  2  1  3  1  1 -1
 -1  3  2  1  1 -1
 -2  3  1  1  1 -1
  3 -1  2  1  1 -1
  3 -2  1  1  1 -1
 -1  2  3  1 -1  1
 -2  1  3  1 -1  1
  1  3  2  1 -1  1
  2  3  1  1 -1  1
  3  1 -2  1 -1  1
  3  2 -1  1 -1  1
  1 -2  3 -1  1  1
  2 -1  3 -1  1  1
  1  3 -2 -1  1  1
  2  3 -1 -1  1  1
  3  1  2 -1  1  1
  3  2  1 -1  1  1
