Ti - Xiaodong Guo's material
 1.0000000          0.0000000           0.0000000
-0.5000000          0.8660254037844386  0.0000000
 0.0000000          0.0000000           1.5870000
 18 12
  1  0  0 -1  2  0
  0 -1  0  2 -1  0
 -1  1  0 -1 -1  0
  0  0  1  2 -1  0
  0  0  1 -1  2  0
  0  0  1 -1 -1  0
  1  0  1 -1 -1  3
  1  0  1 -2  1  3
  0 -1  1  1  1  3
  0 -1  1 -1  2  3
 -1  1  1  2 -1  3
 -1  1  1  1 -2  3
 -1  0  1  2 -1  3
 -1  0  1  1  1  3
  0  1  1 -1 -1  3
  0  1  1  1 -2  3
  1 -1  1 -2  1  3
  1 -1  1 -1  2  3
  1  0  2 -1  0  1
  0  1  2  0 -1  1
 -1  1  2  1 -1  1
 -1  0  2  1  0  1
  0 -1  2  0  1  1
  1 -1  2 -1  1  1
  2 -1  2  2 -1 -3
  1  1  2  1  1 -3
 -1  2  2 -1  2 -3
 -2  1  2 -2  1 -3
 -1 -1  2 -1 -1 -3
  1 -2  2  1 -2 -3
0.163
0.163
0.163
0.163
0.163
0.163
0.225
0.225
0.225
0.225
0.225
0.225